-1.8932227
-0.93445367
-0.23651301
-1.7543262
-0.3182812
-1.5452471
-2.3119915
-2.2429149
0.47601902
-0.31205011
-0.68658619
-1.813459
-1.6887261
-0.86155983
-0.91024196
1.0684357
-2.6084872
0.25596514
-0.35070535
-0.71051085
1.3265563
1.9316289
0.94971476
-2.4741089
-2.2003916
-2.7375841
1.5149002
-1.9928606
-0.48879029
-2.4298007
-0.81613492
-1.0144225
-0.17213772
-1.3047093
-0.097918487
0.41313715
-1.6717938
0.040927959
-0.064800166
-0.81747767
1.2452446
-0.0028990521
-0.40580198
-1.7970325
0.074272208
